
State Machine - |mips32|FSM2
Name FSM2.0000000000010010 FSM2.0000000000010001 FSM2.0000000000010000 FSM2.0000000000001111 FSM2.0000000000001110 FSM2.0000000000001101 FSM2.0000000000001100 FSM2.0000000000001011 FSM2.0000000000001010 FSM2.0000000000001001 FSM2.0000000000001000 FSM2.0000000000000111 FSM2.0000000000000110 FSM2.0000000000000101 FSM2.0000000000000100 FSM2.0000000000000011 FSM2.0000000000000010 FSM2.0000000000000001 FSM2.0000000000000000 
FSM2.0000000000000000 0 0 0 0 0 0 0 0 0 0 0 0 0 0 0 0 0 0 0 
FSM2.0000000000000001 0 0 0 0 0 0 0 0 0 0 0 0 0 0 0 0 0 1 1 
FSM2.0000000000000010 0 0 0 0 0 0 0 0 0 0 0 0 0 0 0 0 1 0 1 
FSM2.0000000000000011 0 0 0 0 0 0 0 0 0 0 0 0 0 0 0 1 0 0 1 
FSM2.0000000000000100 0 0 0 0 0 0 0 0 0 0 0 0 0 0 1 0 0 0 1 
FSM2.0000000000000101 0 0 0 0 0 0 0 0 0 0 0 0 0 1 0 0 0 0 1 
FSM2.0000000000000110 0 0 0 0 0 0 0 0 0 0 0 0 1 0 0 0 0 0 1 
FSM2.0000000000000111 0 0 0 0 0 0 0 0 0 0 0 1 0 0 0 0 0 0 1 
FSM2.0000000000001000 0 0 0 0 0 0 0 0 0 0 1 0 0 0 0 0 0 0 1 
FSM2.0000000000001001 0 0 0 0 0 0 0 0 0 1 0 0 0 0 0 0 0 0 1 
FSM2.0000000000001010 0 0 0 0 0 0 0 0 1 0 0 0 0 0 0 0 0 0 1 
FSM2.0000000000001011 0 0 0 0 0 0 0 1 0 0 0 0 0 0 0 0 0 0 1 
FSM2.0000000000001100 0 0 0 0 0 0 1 0 0 0 0 0 0 0 0 0 0 0 1 
FSM2.0000000000001101 0 0 0 0 0 1 0 0 0 0 0 0 0 0 0 0 0 0 1 
FSM2.0000000000001110 0 0 0 0 1 0 0 0 0 0 0 0 0 0 0 0 0 0 1 
FSM2.0000000000001111 0 0 0 1 0 0 0 0 0 0 0 0 0 0 0 0 0 0 1 
FSM2.0000000000010000 0 0 1 0 0 0 0 0 0 0 0 0 0 0 0 0 0 0 1 
FSM2.0000000000010001 0 1 0 0 0 0 0 0 0 0 0 0 0 0 0 0 0 0 1 
FSM2.0000000000010010 1 0 0 0 0 0 0 0 0 0 0 0 0 0 0 0 0 0 1 

State Machine - |mips32|FSM
Name FSM.011 FSM.001 FSM.010 
FSM.001 0 0 0 
FSM.010 0 1 1 
FSM.011 1 1 0 
